User ,Movie1,Movie2,Movie3,Movie4,Movie5,Movie6,Movie7,Movie8,Movie9,Movie10,
User  1,5,3,0,1,4,0,0,2,0,0
User  2,4,0,0,1,2,0,5,0,0,0
User  3,0,1,2,4,0,0,0,0,3,0
User  4,3,0,4,0,3,0,0,0,0,5
User  5,0,0,0,0,0,5,4,0,0,0
User  6,2,0,0,0,0,0,0,0,0,0
User  7,0,0,0,0,0,0,0,0,0,0
User  8,0,0,0,0,0,0,0,0,0,0
User  9,0,0,0,0,0,0,0,0,0,0
User  10,0,0,0,0,0,0,0,0,0,0
User  11,0,0,0,0,0,0,0,0,0,0
User  12,0,0,0,0,0,0,0,0,0,0
User  13,0,0,0,0,0,0,0,0,0,0
User  14,0,0,0,0,0,0,0,0,0,0
User  15,0,0,0,0,0,0,0,0,0,0
User  16,0,0,0,0,0,0,0,0,0,0
User  17,0,0,0,0,0,0,0,0,0,0
User  18,0,0,0,0,0,0,0,0,0,0
User  19,0,0,0,0,0,0,0,0,0,0
User  20,0,0,0,0,0,0,0,0,0,0
